20090101 2.55778
20090201 2.60981
20090301 2.70218
20090401 2.68741
20090501 2.74477
20090601 2.72437
20090701 2.75337
20090801 2.79004
20090901 2.77106
20091001 2.71598
20091101 2.74661
20091201 2.69166
20100101 2.62827
20100201 19.3847
20100301 28.8955
20100401 2.74686
20100501 2.82109
20100601 2.80479
20100701 2.79125
20100801 2.83562
20100901 2.82792
20101001 2.80638
20101101 2.79309
20101201 2.73181
20110101 2.65843
20110201 2.60987
20110301 2.70742
20110401 2.74065
20110501 2.84639
20110601 2.843
20110701 2.84155
20110801 2.86349
20110901 2.88875
20111001 2.84525
20111101 2.87106
20111201 2.85154
20120101 2.75908
20120201 2.75828
20120301 2.84923
20120401 2.86821
20120501 2.90439
20120601 2.90892
20120701 2.89858
20120801 2.95287
20120901 2.96272
20121001 2.92905
20121101 2.86902
20121201 2.85412
20130101 2.77098
20130201 2.74161
20130301 2.84148
20130401 2.8629
20130501 2.91415
20130601 2.93991
20130701 2.9048
20130801 77.435
20130901 2.98321
20131001 2.94893
20131101 2.87435
20131201 2.92454
20140101 2.78679
20140201 2.78051
20140301 3.81348
20140401 2.90667
20140501 3.03127
20140601 4.74176
20140701 2.99508
20140801 3.06254
20140901 2.99423
20141001 2.96682
20141101 2.92044
20141201 2.92548
20150101 13.4591
20150201 10.8519
20150301 15.7432
20150401 30.8733
20150501 13.6336
20150601 11.8291
20150701 7.30923
20150801 8.29059
20150901 7.05557
20151001 4.3648
20151101 26.8233
20151201 5.2949
20160101 4.6482
20160201 5.06076
20160301 6.13177
20160401 3.9574
20160501 6.11007
20160601 3.04401
20160701 3.53508
20160801 3.94841
20160901 9.21542
20161001 5.49564
20161101 2.98336
20161201 2.88863
20170101 2.8139
20170201 2.8012
20170301 2.88468
20170401 2.95589
20170501 2.99116
20170601 2.97862
20170701 3.00753
20170801 3.02823
20170901 2.99775
20171001 2.96409
20171101 2.89626
20171201 2.84125
20180101 2.804
20180201 2.76999
20180301 2.86481
20180401 2.93506
20180501 3.01403
20180601 3.00847
20180701 3.00599
20180801 3.02425
20180901 3.00616
20181001 2.98625
20181101 2.92802
20181201 2.89263
20190101 2.80108
20190201 2.88492
20190301 2.99106
20190401 2.99802
20190501 3.03294
20190601 3.07851
20190701 3.11013
20190801 3.16267
20190901 3.08697
20191001 3.01672
20191101 2.92883
20191201 2.97342
